220
2320
1024
8429
2929
1903
2929
4672
6256
1024
9511
4672
2320
2878
1024
5371
4672
8429
1024
1086
3777
1024
4672
9831
1024
10390
2929
9831
9831
2929
4672
8429
1024
3629
3569
2320
2878
5371
3569
2320
1024
5371
2320
6256
1024
2878
1583
2498
9511
3569
2320
6256
1024
3629
3569
2320
2498
4672
2320
3569
6256
5380
8429
3569
2320
6256
1024
6639
3569
2929
2878
5371
6256
1024
3629
1583
3777
3569
1024
1086
3777
2320
1024
2878
1583
6256
1024
2498
2320
6256
6256
2929
6639
2320
6256
1024
2878
2320
1024
6256
1583
4672
2320
2878
8429
1024
3629
2929
6256
1024
5371
2320
6520
1583
3777
1903
2320
3569
8429
6256
5380
2320
2878
1024
3629
9831
3777
6256
1024
4672
9831
1024
10390
2929
3777
8429
1024
2320
2878
6520
1583
3569
2320
1024
6520
4306
1583
4672
6256
4672
3569
1024
5371
2320
6256
1024
2878
1583
2498
9511
3569
2320
6256
1024
3629
3569
2320
2498
4672
2320
3569
6256
1024
1086
3777
4672
1024
2878
2320
1024
6256
1583
2878
8429
1024
3629
2929
6256
1024
3629
3569
1583
6520
4306
2320
6256
1024
9831
3777
2878
1024
5371
2320
1024
9831
2929
3777
8429
3569
2320
5380
9511
1583
9511